MAP 1-100:
square_points = [3, 4.5, 2, 5
                 2, 10, 4, 2
                 4, 16, 4, 4
                 7, 8.5, 2, 5
                 10.5, 1.5, 7, 3
                 14.5, 9.5, 3, 3
                 12, 17, 6, 2
                 19, 10.5, 2, 5
                 18.5, 1.5, 3, 3];

MAP 101-200:
square_points = [4, 2.5, 2, 5
                 5.5, 10, 5, 4
                 6, 16.5, 6, 3
                 13, 18, 4, 4
                 12, 12, 2, 4
                 12, 6, 2, 4
                 12, 0.5, 2, 1
                 17.5, 1.5, 5,3
                 17.5, 7, 5, 2
                 16, 12, 2, 4];

MAP 201-300:
square_points = [3.5 1.5 7 3
                 3.5 8.5 7 3
                 4 15 2 6
                 10 15 4 4
                 11 7.5 2 5
                 11 1.5 2 3
                 15 1.5 2 3
                 19 1.5 2 3
                 15 6 2 2
                 19 6 2 2
                 17.5 9.5 5 1
                 17.5 15 5 4];